2010-07-17 00:00:00 0.04951 0.04951 0.04951 0.04951 20  0.99    0.05
2010-07-18 00:00:00 0.04951 0.08585 0.05941 0.08584 75.01   5.09    0.07
2010-07-19 00:00:00 0.08584 0.09307 0.07723 0.0808  574 49.66   0.09
2010-07-20 00:00:00 0.0808  0.08181 0.07426 0.07474 262 20.59   0.08
2010-07-21 00:00:00 0.07474 0.07921 0.06634 0.07921 575 42.26   0.07
2010-07-22 00:00:00 0.07921 0.08181 0.0505  0.0505  2160    129.78  0.06
2010-07-23 00:00:00 0.0505  0.06767 0.0505  0.06262 2402.5  141.07  0.06
2010-07-24 00:00:00 0.06262 0.06161 0.05049 0.05454 496.32  26.73   0.05
2010-07-25 00:00:00 0.05454 0.05941 0.0505  0.0505  1551.48 85.06   0.05
2010-07-26 00:00:00 0.0505  0.056   0.05    0.056   877 46.91   0.05
2010-07-27 00:00:00 0.056   0.0605  0.053   0.06    3373.69 196.92  0.06
2010-07-28 00:00:00 0.06    0.062   0.054   0.0589  4390.29 255.76  0.06
2010-07-29 00:00:00 0.0589  0.0699  0.0571  0.0699  8058.49 528.32  0.07
2010-07-30 00:00:00 0.0699  0.0698  0.0582  0.0627  3020.85 198.53  0.07
2010-07-31 00:00:00 0.0627  0.06889 0.056   0.06785 4022.25 243.9   0.06
2010-08-01 00:00:00 0.06785 0.065   0.06    0.0611  2601    162.65  0.06
2010-08-02 00:00:00 0.0611  0.0633  0.06    0.06    3599    221.2   0.06
2010-08-03 00:00:00 0.06    0.065   0.059   0.06    9821.46 606.05  0.06
2010-08-04 00:00:00 0.06    0.06231 0.057   0.057   3494    210.77  0.06
2010-08-05 00:00:00 0.057   0.061   0.058   0.061   5034.07 303.61  0.06
2010-08-06 00:00:00 0.061   0.0624  0.0607  0.0623  1395    85.91   0.06
2010-08-07 00:00:00 0.0623  0.0622  0.059   0.059   2619    157.34  0.06
2010-08-08 00:00:00 0.059   0.061   0.059   0.0609  2201    132.6   0.06
2010-08-09 00:00:00 0.0609  0.0735  0.0593  0.071   13631.09    886.93  0.07
2010-08-10 00:00:00 0.071   0.0709  0.06651 0.07    1310.39 88.87   0.07
2010-08-11 00:00:00 0.07    0.07541 0.06    0.067   14061.18    1015.64 0.07
2010-08-12 00:00:00 0.067   0.07    0.06141 0.07    2062.31 134.49  0.07
2010-08-13 00:00:00 0.07    0.068   0.0645  0.0645  3591.77 233.8   0.07
2010-08-14 00:00:00 0.0645  0.0695  0.0645  0.067   4404.2  295.31  0.07
2010-08-15 00:00:00 0.067   0.067   0.065   0.06529 4462.87 294.95  0.07
2010-08-16 00:00:00 0.06529 0.0679  0.062   0.0655  10731.47    696.8   0.06
2010-08-17 00:00:00 0.0655  0.0769  0.06243 0.07    13185.74    915 0.07
2010-08-18 00:00:00 0.07    0.0733  0.067   0.068   2953.98 203.83  0.07
2010-08-19 00:00:00 0.068   0.0679  0.0667  0.0667  741.12  50.04   0.07
2010-08-20 00:00:00 0.0667  0.0667  0.065   0.0655  4199.75 276.41  0.07
2010-08-21 00:00:00 0.0655  0.0669  0.0644  0.0664  10443.86    688.51  0.07
2010-08-22 00:00:00 0.0664  0.0664  0.0612  0.066   18648.97    1183.64 0.06
2010-08-23 00:00:00 0.066   0.06689 0.063   0.06491 4297.49 281.88  0.07
2010-08-24 00:00:00 0.06491 0.0665  0.06491 0.065   6711.76 444.66  0.07
2010-08-25 00:00:00 0.065   0.0665  0.0641  0.0648  4228.88 278.86  0.07
2010-08-26 00:00:00 0.0648  0.0658  0.064   0.064   3870.01 251.56  0.07
2010-08-27 00:00:00 0.064   0.065   0.063   0.065   9009.97 583.71  0.06
2010-08-28 00:00:00 0.065   0.065   0.0641  0.0641  6174.01 399.45  0.06
2010-08-29 00:00:00 0.0641  0.0648  0.064   0.064   3173.4  204.88  0.06
2010-08-30 00:00:00 0.064   0.069   0.03211 0.06497 34193.14    2135    0.06
2010-08-31 00:00:00 0.06497 0.0649  0.06    0.06    14886.91    933.23  0.06
2010-09-01 00:00:00 0.06    0.0629  0.05961 0.0629  7164.72 436.73  0.06
2010-09-02 00:00:00 0.0629  0.0634  0.0601  0.0634  8150.73 498.98  0.06
2010-09-03 00:00:00 0.0634  0.063   0.06085 0.06085 892 54.61   0.06
2010-09-04 00:00:00 0.06085 0.06238 0.0612  0.06238 3301    202.27  0.06
2010-09-05 00:00:00 0.06238 0.064   0.0605  0.0616  8459.24 527.97  0.06
2010-09-06 00:00:00 0.0616  0.0627  0.0616  0.0616  910 56.13   0.06
2010-09-07 00:00:00 0.0616  0.06201 0.0603  0.061   3457.19 212.35  0.06
2010-09-08 00:00:00 0.061   0.062   0.06099 0.062   2345.41 143.36  0.06
2010-09-09 00:00:00 0.062   0.0624  0.06109 0.06111 1733.5  107.68  0.06
2010-09-10 00:00:00 0.06111 0.0618  0.06014 0.0618  4939.79 301.8   0.06
2010-09-11 00:00:00 0.0618  0.065   0.0619  0.06366 7749.14 491.19  0.06
2010-09-12 00:00:00 0.06366 0.0621  0.0615  0.0615  793.88  48.99   0.06
2010-09-13 00:00:00 0.0615  0.064   0.0607  0.06219 10076.34    632.2   0.06
2010-09-14 00:00:00 0.06219 0.175   0.061   0.06199 14014.81    876.76  0.06
2010-09-15 00:00:00 0.06199 0.0625  0.0604  0.0604  3651.85 223.27  0.06
2010-09-16 00:00:00 0.0604  0.0619  0.0618  0.0619  730 45.17   0.06
2010-09-17 00:00:00 0.0619  0.0609  0.059   0.059   7262    438.94  0.06
2010-09-18 00:00:00 0.059   0.061   0.05761 0.061   7092.61 427.76  0.06
2010-09-19 00:00:00 0.061   0.0627  0.06    0.0627  12852.17    797.36  0.06
2010-09-20 00:00:00 0.0627  0.0634  0.062   0.0621  14307.94    891.19  0.06
2010-09-21 00:00:00 0.0621  0.0633  0.0623  0.06265 5735.95 359.82  0.06
2010-09-22 00:00:00 0.06265 0.0624  0.06147 0.0622  11560.4 717.33  0.06
2010-09-23 00:00:00 0.0622  0.063   0.0615  0.06231 15505.33    970.09  0.06
2010-09-24 00:00:00 0.06231 0.0624  0.06209 0.0622  684.38  42.66   0.06
2010-09-25 00:00:00 0.0622  0.0624  0.0617  0.06202 2152.5  133.05  0.06
2010-09-26 00:00:00 0.06202 0.06228 0.06186 0.062   12058.13    748.2   0.06
2010-09-27 00:00:00 0.062   0.06228 0.0619  0.0622  10752.25    668.53  0.06
2010-09-28 00:00:00 0.0622  0.06271 0.0617  0.0619  7086.15 439.05  0.06
2010-09-29 00:00:00 0.0619  0.062   0.0615  0.06191 23475.64    1450.79 0.06
2010-09-30 00:00:00 0.06191 0.0619  0.06155 0.0619  7917.03 488.15  0.06
2010-10-01 00:00:00 0.0619  0.062   0.06189 0.06197 1717.45 106.46  0.06
2010-10-02 00:00:00 0.06197 0.06191 0.06125 0.0614  13059.74    802.52  0.06
2010-10-03 00:00:00 0.0614  0.0614  0.061   0.06111 7172.63 439.88  0.06
2010-10-04 00:00:00 0.06111 0.062   0.06081 0.0613  33995.37    2079.89 0.06
2010-10-05 00:00:00 0.0613  0.06301 0.0609  0.0614  27526.61    1699.2  0.06
2010-10-06 00:00:00 0.0614  0.0635  0.0612  0.06281 33433.3 2091.28 0.06
2010-10-07 00:00:00 0.06281 0.067   0.0628  0.067   43692.98    2812.79 0.06
2010-10-08 00:00:00 0.067   0.088   0.01    0.08685 139287.29   10784.23    0.08
2010-10-09 00:00:00 0.08685 0.12001 0.068   0.0938  187846.95   16104.87    0.09
2010-10-10 00:00:00 0.0938  0.1301  0.07999 0.0965  50684.19    4889.35 0.1
2010-10-11 00:00:00 0.0965  0.103   0.091   0.095   14092.91    1395.23 0.1
2010-10-12 00:00:00 0.095   0.099   0.082   0.0949  25660.75    2396.82 0.09
2010-10-13 00:00:00 0.0949  0.105   0.092   0.105   47557.27    4558.52 0.1
2010-10-14 00:00:00 0.105   0.1045  0.065   0.102   37217.28    3701.65 0.1
2010-10-15 00:00:00 0.102   0.119   0.092   0.105   24643.33    2554.91 0.1
2010-10-16 00:00:00 0.105   0.103   0.1 0.101   6284.71 633.63  0.1
2010-10-17 00:00:00 0.101   0.1045  0.10001 0.102   18222.19    1857.8  0.1
2010-10-18 00:00:00 0.102   0.103   0.097   0.1024  25665.09    2591.64 0.1
2010-10-19 00:00:00 0.1024  0.1019  0.097   0.097   6235.1  623.34  0.1
2010-10-20 00:00:00 0.097   0.103   0.094   0.099   31855   3221.08 0.1
2010-10-21 00:00:00 0.099   0.109   0.097   0.107   44867   4616.85 0.1
2010-10-22 00:00:00 0.107   0.10901 0.1015  0.1025  34603.91    3665.43 0.11
2010-10-23 00:00:00 0.1025  0.109   0.10449 0.1055  4423.47 481.52  0.11
2010-10-24 00:00:00 0.1055  0.19    0.108   0.11501 13800.23    1560.61 0.11
2010-10-25 00:00:00 0.11501 0.19    0.09009 0.132   30299.64    4450    0.15
2010-10-26 00:00:00 0.132   0.18    0.133   0.1503  19219.13    2995.09 0.16
2010-10-27 00:00:00 0.1503  0.19    0.151   0.1877  65605.87    11594.02    0.18
2010-10-28 00:00:00 0.1877  0.191   0.1731  0.1731  21525.04    4009.67 0.19
2010-10-29 00:00:00 0.1731  0.19    0.173   0.19    28686.85    5380.49 0.19
2010-10-30 00:00:00 0.19    0.199   0.1875  0.1989  26708.94    5112.03 0.19
2010-10-31 00:00:00 0.1989  0.1989  0.171   0.1925  40337.76    7829.46 0.19
2010-11-01 00:00:00 0.1925  0.1955  0.172   0.1955  21258.61    4049.75 0.19
2010-11-02 00:00:00 0.1955  0.195   0.1905  0.1938  5853.39 1121.34 0.19
2010-11-03 00:00:00 0.1938  0.275   0.125   0.1931  61472.63    11769.61    0.19
2010-11-04 00:00:00 0.1931  0.23601 0.1934  0.23    29698.43    6229.16 0.21
2010-11-05 00:00:00 0.23    0.2639  0.2101  0.26    36622.07    8757.15 0.24
2010-11-06 00:00:00 0.26    0.5 0.2402  0.39    32756.13    9396.96 0.29
2010-11-07 00:00:00 0.39    0.46999 0.286   0.34    77218.72    27937.74    0.36
2010-11-08 00:00:00 0.34    0.37    0.2261  0.243   118203.83   38339.26    0.32
2010-11-09 00:00:00 0.243   0.323   0.199   0.21    47983.39    12808.3 0.27
2010-11-10 00:00:00 0.21    0.24    0.14    0.24    30387.03    6110.13 0.2
2010-11-11 00:00:00 0.24    0.24    0.21    0.2231  5031.88 1111.55 0.22
2010-11-12 00:00:00 0.2231  0.29    0.223   0.2682  40720.39    10494.46    0.26
2010-11-13 00:00:00 0.2682  0.3 0.2683  0.276   21915.57    6351.58 0.29
2010-11-14 00:00:00 0.276   0.299   0.2702  0.27904 16844.33    4793.81 0.28
2010-11-15 00:00:00 0.27904 0.2828  0.2682  0.2682  8507.74 2337.5  0.27
2010-11-16 00:00:00 0.2682  0.275   0.223   0.223   33931.01    8609.67 0.25
2010-11-17 00:00:00 0.223   0.29    0.2116  0.2299  32871.6 8662.61 0.26
2010-11-18 00:00:00 0.2299  0.283   0.2221  0.2678  37446.67    10253.27    0.27
2010-11-19 00:00:00 0.2678  0.28    0.2682  0.28    2157.56 583.45  0.27
2010-11-20 00:00:00 0.28    0.29    0.26825 0.28301 14652.69    4119.07 0.28
2010-11-21 00:00:00 0.28301 0.282   0.27631 0.27675 765 212.67  0.28
2010-11-22 00:00:00 0.27675 0.2879  0.269   0.2879  28205.85    7818.64 0.28
2010-11-23 00:00:00 0.2879  0.28449 0.276   0.28295 4856.92 1361.82 0.28
2010-11-24 00:00:00 0.28295 0.28299 0.2761  0.28299 2514.91 710.24  0.28
2010-11-25 00:00:00 0.28299 0.2825  0.278   0.28    1679.6  469.99  0.28
2010-11-26 00:00:00 0.28    0.289   0.27612 0.2844  33531.88    9510.98 0.28
2010-11-27 00:00:00 0.2844  0.2844  0.28255 0.283   1825.39 515.9   0.28
2010-11-28 00:00:00 0.283   0.28461 0.27    0.27    20802.13    5746.3  0.28
2010-11-29 00:00:00 0.27    0.279   0.2151  0.2299  35055.4 8802.06 0.25
2010-11-30 00:00:00 0.2299  0.2299  0.204   0.2082  21476.25    4570.58 0.21
2010-12-01 00:00:00 0.2082  0.2299  0.2095  0.2275  8157.89 1752.72 0.21
2010-12-02 00:00:00 0.2275  0.2553  0.218   0.255   20312.23    4800.55 0.24
2010-12-03 00:00:00 0.255   0.2552  0.243   0.25105 2570.34 633.78  0.25
2010-12-04 00:00:00 0.25105 0.2589  0.205   0.205   28560.72    6673.4  0.23
2010-12-05 00:00:00 0.205   0.235   0.19    0.19    5740.18 1178.03 0.21
2010-12-06 00:00:00 0.19    0.225   0.1841  0.204   4319.26 863.02  0.2
2010-12-07 00:00:00 0.204   0.2477  0.1701  0.233   24592.92    5411.8  0.22
2010-12-08 00:00:00 0.233   0.24    0.22    0.2388  3430.41 789.86  0.23
2010-12-09 00:00:00 0.2388  0.233   0.1701  0.2 21336.33    4411.94 0.21
2010-12-10 00:00:00 0.2 0.204   0.18251 0.204   1684.25 328.17  0.19
2010-12-11 00:00:00 0.204   0.228   0.1907  0.228   5788.69 1267.2  0.22
2010-12-12 00:00:00 0.228   0.2279  0.20676 0.22    1963.56 418.8   0.21
2010-12-13 00:00:00 0.22    0.23    0.21    0.2299  6415.59 1425.92 0.22
2010-12-14 00:00:00 0.2299  0.2468  0.21    0.24669 10388.1 2403.83 0.23
2010-12-15 00:00:00 0.24669 0.246   0.238   0.23801 3684.68 901.15  0.24
2010-12-16 00:00:00 0.23801 0.255   0.22221 0.24996 14355.33    3522.62 0.25
2010-12-17 00:00:00 0.24996 0.249   0.24    0.24    525.51  130.19  0.25
2010-12-18 00:00:00 0.24    0.24881 0.241   0.241   169.11  41.67   0.25
2010-12-19 00:00:00 0.241   0.2499  0.24    0.2401  2000.76 487.49  0.24
2010-12-20 00:00:00 0.2401  0.275   0.24    0.267   10682.71    2769.88 0.26
2010-12-21 00:00:00 0.267   0.267   0.24    0.24    9225.79 2291.81 0.25
2010-12-22 00:00:00 0.24    0.25    0.244   0.25    3800.46 949.38  0.25
2010-12-23 00:00:00 0.25    0.25    0.241   0.25    8650.15 2160.74 0.25
2010-12-24 00:00:00 0.25    0.25    0.242   0.248   5033.25 1252.05 0.25
2010-12-25 00:00:00 0.248   0.25    0.2475  0.2499  703 175.44  0.25
2010-12-26 00:00:00 0.2499  0.27    0.24639 0.265   16584.97    4203.03 0.25
2010-12-27 00:00:00 0.265   0.27    0.251   0.265   4935.49 1270.15 0.26
2010-12-28 00:00:00 0.265   0.281   0.2612  0.281   15438.71    4238.98 0.27
2010-12-29 00:00:00 0.281   0.301   0.271   0.3 18609.14    5363.75 0.29
2010-12-30 00:00:00 0.3 0.3 0.291   0.3 2539.87 759.92  0.3
2010-12-31 00:00:00 0.3 0.3 0.292   0.3 1453.72 428.44  0.29
2011-01-01 00:00:00 0.3 0.3 0.292   0.3 2821.24 841.95  0.3
2011-01-02 00:00:00 0.3 0.3 0.289   0.29997 5352.11 1584.66 0.3
2011-01-03 00:00:00 0.29997 0.2999  0.29    0.295   1425.19 420.85  0.3
2011-01-04 00:00:00 0.295   0.29987 0.289   0.29895 1879    548.33  0.29
2011-01-05 00:00:00 0.29895 0.299   0.29004 0.299   357.16  106.19  0.3
2011-01-06 00:00:00 0.299   0.299   0.29    0.298   3456.49 1031.28 0.3
2011-01-07 00:00:00 0.298   0.322   0.2975  0.32    42601.12    13152.15    0.31
2011-01-08 00:00:00 0.32    0.3229  0.309   0.3229  1629.44 512.04  0.31
2011-01-09 00:00:00 0.3229  0.323   0.32291 0.323   1691.37 546.18  0.32
2011-01-10 00:00:00 0.323   0.329   0.3175  0.32659 10355.83    3360.65 0.32
2011-01-11 00:00:00 0.32659 0.32659 0.31761 0.32659 4857.8  1578.66 0.32
2011-01-12 00:00:00 0.32659 0.3557  0.31799 0.3188  31359.77    10508.17    0.34
2011-01-13 00:00:00 0.3188  0.405   0.3176  0.3176  20118.9 7147.03 0.36
2011-01-14 00:00:00 0.3176  0.45    0.3176  0.4 27130.96    10691.11    0.39
2011-01-15 00:00:00 0.4 0.4 0.385   0.386   1515.66 591.15  0.39
2011-01-16 00:00:00 0.386   0.4 0.386   0.38679 2778.71 1085.16 0.39
2011-01-17 00:00:00 0.38679 0.38679 0.315   0.3495  18241.15    6360.69 0.35
2011-01-18 00:00:00 0.3495  0.3495  0.305   0.31299 15671.51    4950.51 0.32
2011-01-19 00:00:00 0.31299 0.31299 0.305   0.31299 7291.63 2247.62 0.31
2011-01-20 00:00:00 0.31299 0.39    0.31    0.39    19881.98    6900.05 0.35
2011-01-21 00:00:00 0.39    0.44    0.368   0.41991 8477.55 3351.62 0.4
2011-01-22 00:00:00 0.41991 0.4443  0.39    0.4443  10534.27    4513.91 0.43
2011-01-23 00:00:00 0.4443  0.4443  0.42    0.4424  1148.4  505.83  0.44
2011-01-24 00:00:00 0.4424  0.4424  0.381   0.4199  11061.94    4516.68 0.41
2011-01-25 00:00:00 0.4199  0.425   0.4 0.41    2163.72 901.25  0.42
2011-01-26 00:00:00 0.41    0.42    0.3904  0.417   15564.81    6315.95 0.41
2011-01-27 00:00:00 0.417   0.45    0.40851 0.4212  27708.2 12086.9 0.44
2011-01-28 00:00:00 0.4212  0.446   0.4212  0.446   5324.5  2301.77 0.43
2011-01-29 00:00:00 0.446   0.445   0.43    0.439   1448.38 643.63  0.44
2011-01-30 00:00:00 0.439   0.48    0.445   0.4799  10383.59    4775.81 0.46
2011-01-31 00:00:00 0.4799  0.95    0.47    0.52001 63516.08    32708.4 0.51
2011-02-01 00:00:00 0.52001 0.85    0.52011 0.7 31562.12    23264.18    0.74
2011-02-02 00:00:00 0.7 0.76001 0.69    0.716   5627.48 4126.02 0.73
2011-02-03 00:00:00 0.716   0.75    0.6501  0.69    8524.5  6064.12 0.71
2011-02-04 00:00:00 0.69    0.88    0.67    0.811   42222.19    33965.74    0.8
2011-02-05 00:00:00 0.811   0.92    0.8115  0.92    15786.81    13634.2 0.86
2011-02-06 00:00:00 0.92    0.92    0.83    0.89968 8744.11 7608.77 0.87
2011-02-07 00:00:00 0.89968 0.9 0.83    0.89    2264.28 1949.54 0.86
2011-02-08 00:00:00 0.89    0.918   0.8617  0.918   7021.29 6306.77 0.9
2011-02-09 00:00:00 0.918   1.09    0.82    1.09    49632.5 47455.01    0.96
2011-02-10 00:00:00 1.09    1.1 0.8 0.98031 26559.64    25568.81    0.96
2011-02-11 00:00:00 0.98031 1.0899  0.9264  1.07001 13299.18    13213.54    0.99
2011-02-12 00:00:00 1.07001 1.08    0.9906  1.0799  4118.92 4353.79 1.06
2011-02-13 00:00:00 1.0799  1.08    1.0201  1.05    3240.64 3398.3  1.05
2011-02-14 00:00:00 1.05    1.08    1.033   1.07    7096.55 7532.41 1.06
2011-02-15 00:00:00 1.07    1.085   1.035   1.05    8616.58 9085.5  1.05
2011-02-16 00:00:00 1.05    1.05019 1.0201  1.045   7192.38 7465.03 1.04
2011-02-17 00:00:00 1.045   1.05019 1.02    1.04    4009.84 4184.96 1.04
2011-02-18 00:00:00 1.04    1.04019 0.78009 0.8989  36948.16    32719.75    0.89
2011-02-19 00:00:00 0.8989  0.98    0.8376  0.94898 3798.71 3454.72 0.91
2011-02-20 00:00:00 0.94898 0.94898 0.83    0.85    9974.05 8503.38 0.85
2011-02-21 00:00:00 0.85    0.8796  0.8313  0.8345  1700.12 1435.86 0.84
2011-02-22 00:00:00 0.8345  0.95    0.8313  0.87023 12095.26    10650.29    0.88
2011-02-23 00:00:00 0.87023 0.945   0.8681  0.9 6718.87 6057.77 0.9
2011-02-24 00:00:00 0.9 1   0.9 0.99743 13418.69    12708.12    0.95
2011-02-25 00:00:00 0.99743 0.99979 0.91109 0.9111  4461.06 4276.3  0.96
2011-02-26 00:00:00 0.9111  0.97    0.91061 0.958   4744.41 4452.63 0.94
2011-02-27 00:00:00 0.958   0.958   0.89    0.89    23268.75    21576.82    0.93
2011-02-28 00:00:00 0.89    0.92001 0.845   0.86    4651.67 4108.6  0.88
2011-03-01 00:00:00 0.86    0.97    0.8502  0.92021 22569.78    21413.43    0.95
2011-03-02 00:00:00 0.92021 0.94    0.9102  0.9399  2741.87 2533.96 0.92
2011-03-03 00:00:00 0.9399  0.9399  0.91    0.93909 2746.67 2520.58 0.92
2011-03-04 00:00:00 0.93909 0.93909 0.9001  0.901   2711.89 2469.56 0.91
2011-03-05 00:00:00 0.901   0.9189  0.8111  0.9103  12570.59    11115.04    0.88
2011-03-06 00:00:00 0.9103  0.9098  0.81    0.8999  12626.49    10775.11    0.85
2011-03-07 00:00:00 0.8999  0.909   0.846   0.88502 15271.27    13527.3 0.89
2011-03-08 00:00:00 0.88502 0.88502 0.84999 0.86999 4527.85 3931.42 0.87
2011-03-09 00:00:00 0.86999 0.87    0.85    0.86449 4546.05 3881.22 0.85
2011-03-10 00:00:00 0.86449 0.9329  0.84965 0.9329  8869.01 7895.07 0.89
2011-03-11 00:00:00 0.9329  0.925   0.8601  0.88    3725.51 3301.73 0.89
2011-03-12 00:00:00 0.88    0.9197  0.88    0.918   4822.83 4319.6  0.9
2011-03-13 00:00:00 0.918   0.918   0.88976 0.89249 660.31  595.42  0.9
2011-03-14 00:00:00 0.89249 0.9 0.88    0.8949  5269.24 4676.62 0.89
2011-03-15 00:00:00 0.8949  0.8949  0.87    0.87    2732.16 2405.41 0.88
2011-03-16 00:00:00 0.87    0.88    0.836   0.86    7929.62 6761.32 0.85
2011-03-17 00:00:00 0.86    0.88    0.81    0.82542 7159.78 6042.77 0.84
2011-03-18 00:00:00 0.82542 0.85062 0.70999 0.81648 14226.22    10971.32    0.77
2011-03-19 00:00:00 0.81648 0.797   0.73127 0.765   9875.04 7457.83 0.76
2011-03-20 00:00:00 0.765   0.79    0.7402  0.74108 5815.32 4502.62 0.77
2011-03-21 00:00:00 0.74108 0.77241 0.7405  0.75897 3695.96 2780.45 0.75
2011-03-22 00:00:00 0.75897 0.81    0.7405  0.80901 12147.72    9499.24 0.78
2011-03-23 00:00:00 0.80901 0.85    0.78    0.84971 13262.26    11029.25    0.83
2011-03-24 00:00:00 0.84971 0.9 0.82659 0.86688 14009.37    12259.77    0.88
2011-03-25 00:00:00 0.86688 0.88999 0.861   0.88377 4819.42 4225.53 0.88
2011-03-26 00:00:00 0.88377 0.905   0.841   0.8552  11756.42    10250.98    0.87
2011-03-27 00:00:00 0.8552  0.87211 0.8152  0.82    5337.15 4439.07 0.83
2011-03-28 00:00:00 0.82    0.85    0.76    0.79898 12565.15    10141.7 0.81
2011-03-29 00:00:00 0.79898 0.79966 0.7648  0.7925  4215.02 3312.3  0.79
2011-03-30 00:00:00 0.7925  0.795   0.76599 0.7897  3218.22 2532.13 0.79
2011-03-31 00:00:00 0.7897  0.80098 0.768   0.78461 6875.08 5429.16 0.79
2011-04-01 00:00:00 0.78461 0.79697 0.7741  0.77411 3186.77 2483.69 0.78
2011-04-02 00:00:00 0.77411 0.7998  0.7741  0.78199 2493.59 1965.23 0.79
2011-04-03 00:00:00 0.78199 0.79487 0.777   0.779   3931.39 3074.76 0.78
2011-04-04 00:00:00 0.779   0.785   0.5619  0.68    31155.46    21652.69    0.69
2011-04-05 00:00:00 0.68    0.74784 0.58    0.71    9730.3  6522.71 0.67
2011-04-06 00:00:00 0.71    0.75    0.6902  0.74    8703.95 6264.04 0.72
2011-04-07 00:00:00 0.74    0.78491 0.7205  0.7538  10832.99    8178.14 0.75
2011-04-08 00:00:00 0.7538  0.799   0.7309  0.74999 18207.3 13854.66    0.76
2011-04-09 00:00:00 0.74999 0.7676  0.7205  0.73    12119.4 8940.96 0.74
2011-04-10 00:00:00 0.73    0.7589  0.71    0.7369  5348.98 3946.44 0.74
2011-04-11 00:00:00 0.7369  0.799   0.7103  0.77    14645.93    11255.96    0.77
2011-04-12 00:00:00 0.77    0.899   0.7703  0.86    48417.6 41333.11    0.85
2011-04-13 00:00:00 0.86    1   0.86    0.9225  43397.56    40467.74    0.93
2011-04-14 00:00:00 0.9225  1   0.91    1   31111.88    29643.61    0.95
2011-04-15 00:00:00 1   1.08999 0.911   0.98991 50304.61    50488.94    1
2011-04-16 00:00:00 0.98991 1.095   0.95414 1.0499  28869.3 30097.18    1.04
2011-04-17 00:00:00 1.0499  1.14    1.0255  1.1123  24225.7 26085.25    1.08
2011-04-18 00:00:00 1.1123  1.1999  1.1103  1.16199 27478.69    31552.55    1.15
2011-04-19 00:00:00 1.16199 1.1979  1.1436  1.1979  12556.73    14782.06    1.18
2011-04-20 00:00:00 1.1979  1.1979  1.13    1.1421  21344.95    24691.86    1.16
2011-04-21 00:00:00 1.1421  1.21    1.14    1.21    39295.69    46345.35    1.18
2011-04-22 00:00:00 1.21    1.41    1.189   1.40901 39415.39    50929.92    1.29
2011-04-23 00:00:00 1.40901 1.95    1.3202  1.7001  66620.36    103242.84   1.55
2011-04-24 00:00:00 1.7001  1.95    1.6 1.63011 21541.69    36076.01    1.67
2011-04-25 00:00:00 1.63011 1.701   1.52109 1.559   13471.6 21226.89    1.58
2011-04-26 00:00:00 1.559   1.7949  1.53    1.7949  24054.31    40211.17    1.67
2011-04-27 00:00:00 1.7949  1.95    1.72    1.9 33055.26    62403.35    1.89
2011-04-28 00:00:00 1.9 2.65    1.66    2.21059 100238.23   203392.46   2.03
2011-04-29 00:00:00 2.21059 2.95    2.21    2.88    57577.32    148954.47   2.59
2011-04-30 00:00:00 2.88    4.14996 2.75    3.5 65427.8 214977.24   3.29
2011-05-01 00:00:00 3.5 3.87    2.5 3.03311 45772.07    143521.98   3.14
2011-05-02 00:00:00 3.03311 3.495   3.029   3.2 18333.83    59421.72    3.24
2011-05-03 00:00:00 3.2 3.49    3.11    3.41    16919.18    56187.48    3.32
2011-05-04 00:00:00 3.41    3.58    3.25    3.40609 17278.29    59434.11    3.44
2011-05-05 00:00:00 3.40609 3.4498  3.333   3.333   15350.34    52331.39    3.41
2011-05-06 00:00:00 3.333   3.61001 3.29    3.45    23014.7 80063.98    3.48
2011-05-07 00:00:00 3.45    3.7 3.425   3.641   17833.29    64359.68    3.61
2011-05-08 00:00:00 3.641   3.937   3.63    3.8659  21132.51    79620.81    3.77
2011-05-09 00:00:00 3.8659  3.9 3.6905  3.8 11520.93    43805.92    3.8
2011-05-10 00:00:00 3.8 5.99001 3.81    5.81    56217.32    266466.71   4.74
2011-05-11 00:00:00 5.81    6.065   4.6 5.5 52569.15    281496.86   5.35
2011-05-12 00:00:00 5.5 6.49    5.22    6.30019 31722.46    184839.99   5.83
2011-05-13 00:00:00 6.30019 8.45    6.3201  8.198   64003.37    478840.49   7.48
2011-05-14 00:00:00 8.198   8.9 5.83    7.19769 55390.45    435571.02   7.86
2011-05-15 00:00:00 7.19769 7.78    6.20001 6.98701 18294.87    123255.5    6.74
2011-05-16 00:00:00 6.98701 8.5 6.75    8.03388 44141.41    343050.47   7.77
2011-05-17 00:00:00 8.03388 8.38901 6.97991 7.19    35345.46    265868.95   7.52
2011-05-18 00:00:00 7.19    7.5 6.6 6.88    25403.44    181331.16   7.14
2011-05-19 00:00:00 6.88    7.34    6.60711 6.805   24436.41    170134.8    6.96
2011-05-20 00:00:00 6.805   7.1 5.5772  5.59039 44460.44    278992.34   6.28
2011-05-21 00:00:00 5.59039 6.5199  5.5772  6.11971 31111.9 185640.17   5.97
2011-05-22 00:00:00 6.11971 6.7594  5.99001 6.6901  23872.15    154432.52   6.47
2011-05-23 00:00:00 6.6901  7.45    6.68999 7.14991 35279.88    250601.3    7.1
2011-05-24 00:00:00 7.14991 7.51    6.96    7.42    29282.48    211827.28   7.23
2011-05-25 00:00:00 7.42    9.33    7.21612 8.3997  64049.94    510905.18   7.98
2011-05-26 00:00:00 8.3997  8.9869  8.01    8.798   28644.99    244820.48   8.55
2011-05-27 00:00:00 8.798   8.83    8.5002  8.5002  14431.84    125149.05   8.67
2011-05-28 00:00:00 8.5002  8.7 8.11    8.3001  12247.72    103463.69   8.45
2011-05-29 00:00:00 8.3001  8.49    8.102   8.4299  7487.54 62138.87    8.3
2011-05-30 00:00:00 8.4299  9   8.25001 8.8 17680.15    154258.85   8.72
2011-05-31 00:00:00 8.8 9.4998  8.1 8.741   45794.43    406882.27   8.88
2011-06-01 00:00:00 8.741   9.6987  8.3 9.57    43479.96    400564.35   9.21
2011-06-02 00:00:00 9.57    10.888  9.5 10.6    41047.27    415112.72   10.11
2011-06-03 00:00:00 10.6    14.499  10.5752 14.29   72980.24    954513.54   13.08
2011-06-04 00:00:00 14.29   18.89   14.04   18.89   44475.34    729670.85   16.41
2011-06-05 00:00:00 18.89   18.998  16.2    16.7    24278.97    420612.47   17.32
2011-06-06 00:00:00 16.7    19.23   16.4513 18.5499 55092.47    1016927.39  18.46
2011-06-07 00:00:00 18.5499 24.32   18.26   23.9234 53715.04    1068903.32  19.9
2011-06-08 00:00:00 23.9234 31.9099 22.2135 29.6    104925.16   2858820.38  27.25
2011-06-09 00:00:00 29.6    31.5    26.151  28.919  62933.66    1861589.64  29.58
2011-06-10 00:00:00 28.919  29.399  20.01   23.9497 92208.2 2274786.4   24.67
2011-06-11 00:00:00 23.9497 23.99   13  14.6511 121869.97   2146587.96  17.61
2011-06-12 00:00:00 14.6511 24.99   10.25   18.5464 151194.16   2451134.56  16.21
2011-06-13 00:00:00 18.5464 24.5    16  19.84   73421.79    1476239.59  20.11
2011-06-14 00:00:00 19.84   20.5    18.001  19.28   36155.99    696003.98   19.25
2011-06-15 00:00:00 19.28   20  19.022  19.49   27711.9 545336.14   19.68
2011-06-16 00:00:00 19.49   19.89   17  17  49202.14    927743.42   18.86
2011-06-17 00:00:00 17  18.34   13  15.681  108623.77   1684353.23  15.51
2011-06-18 00:00:00 15.681  16.9499 15.052  16.89   35536.55    569949.34   16.04
2011-06-19 00:00:00 16.89   18.8766 16.85   17.51   30176.74    536267.38   17.77
2011-06-26 00:00:00 17.51   17.51001    14.01   16.45001    15053.93    234621.8    15.59
2011-06-27 00:00:00 16.45001    18  15  16.75004    31452.54    535096.37   17.01
2011-06-28 00:00:00 16.75004    17.52   16.5    16.9498 24398.15    413032.22   16.93
2011-06-29 00:00:00 16.9498 17.2    16.666  16.845  21043.37    355303.18   16.88
2011-06-30 00:00:00 16.845  17  15.73   16.10098    34961.19    577145.55   16.51
2011-07-01 00:00:00 16.10098    16.74   15.26   15.397  33284.45    529197.49   15.9
2011-07-02 00:00:00 15.397  15.8    15.271  15.4    19453.24    302134.7    15.53
2011-07-03 00:00:00 15.4    15.689  15.311  15.44049    16792.29    259875.51   15.48
2011-07-04 00:00:00 15.44049    15.48988    13.14   13.86   52276.99    756913.59   14.48
2011-07-05 00:00:00 13.86   15  11  12.90691    84081.15    1076305.46  12.8
2011-07-06 00:00:00 12.90691    16.5    12.67132    14.78347    111818.32   1655319.63  14.8
2011-07-07 00:00:00 14.78347    15.9    14.5    14.77609    54465.7 825452.25   15.16
2011-07-08 00:00:00 14.77609    15.64276    13.90152    14.31399    34853.42    500143.38   14.35
2011-07-09 00:00:00 14.31399    14.6999 14.0201 14.38   11909.17    171329.27   14.39
2011-07-10 00:00:00 14.38   15.68   14.35   14.9    45284.42    682903.16   15.08
2011-07-11 00:00:00 14.9    15.1999 13.8    14.20912    49160.01    706457.52   14.37
2011-07-12 00:00:00 14.20912    14.63988    13.9    14.00943    26356.51    372986.55   14.15
2011-07-13 00:00:00 14.00943    14.15   13.91   13.95099    10338.15    145032.07   14.03
2011-07-14 00:00:00 13.95099    14.07   13.7    13.99   17661.16    245982.11   13.93
2011-07-15 00:00:00 13.99   14.09   13.5021 13.81   24819.54    344982.1    13.9
2011-07-16 00:00:00 13.81   13.81   13.501  13.7191 17264.49    235142.97   13.62
2011-07-17 00:00:00 13.7191 13.75   13.021  13.16   34375.47    458510.19   13.34
2011-07-18 00:00:00 13.16   13.915  12.51   13.48   75896.31    988903.24   13.03
2011-07-19 00:00:00 13.48   14.7    13.44   13.85024    67575.61    948485.72   14.04
2011-07-20 00:00:00 13.85024    14  13.4    13.68943    23177.9 317332.3    13.69
2011-07-21 00:00:00 13.68943    13.78   13.4    13.61   25018.37    341665.52   13.66
2011-07-22 00:00:00 13.61   13.81   13.45   13.69542    15165.62    207044.15   13.65
2011-07-23 00:00:00 13.69542    13.7649 13.51   13.68   22455.6 306380.16   13.64
2011-07-24 00:00:00 13.68   14.1    13.6    13.98001    26623.26    369041.82   13.86
2011-07-25 00:00:00 13.98001    14.72299    13.76   14.0478 31577.96    448277.2    14.2
2011-07-26 00:00:00 14.0478 14.05051    13.768  13.88214    16793.86    233585.08   13.91
2011-07-27 00:00:00 13.88214    14.13   13.85   13.9394 11508.66    160645.54   13.96
2011-07-28 00:00:00 13.9394 13.939  13.312  13.49011    32738.27    445690.58   13.61
2011-07-29 00:00:00 13.49011    13.7    13.3302 13.49832    7257.51 98020.73    13.51
2011-07-30 00:00:00 13.49832    13.63   13.45   13.53034    6104.38 82590.44    13.53
2011-07-31 00:00:00 13.53034    14.8999 12.82922    13.35   45723.44    618135.5    13.52
2011-08-01 00:00:00 13.35   13.5501 12.85   13.0946 21748.09    286373.02   13.17
2011-08-02 00:00:00 13.0946 13.1    11.5    12.05   57242.69    709463.16   12.39
2011-08-03 00:00:00 12.05   12.16   8.7 9.26    90287.33    943628.17   10.45
2011-08-04 00:00:00 9.26    11.15   9.26999 10.75   50094.1 529876.35   10.58
2011-08-05 00:00:00 10.75   10.99   9.5 9.7999  30765.69    315866.93   10.27
2011-08-06 00:00:00 9.7999  9.95    5.742   6.55    102411.73   801213.08   7.82
2011-08-07 00:00:00 6.55    9.47    6.01    7.9 89830.96    693796.98   7.72
2011-08-08 00:00:00 7.9 8.15998 7.055   7.79991 34042.22    263570.19   7.74
2011-08-09 00:00:00 7.79991 12.1    7.671   9.99    114472.78   1112123.77  9.72
2011-08-10 00:00:00 9.99    10.40001    9.5 9.98    24254.45    242598.48   10
2011-08-11 00:00:00 9.98    10.4959 8.45099 9.46248 58114.56    550577.88   9.47
2011-08-12 00:00:00 9.46248 9.8 8.91    9.46051 41592.12    387476.18   9.32
2011-08-13 00:00:00 9.46051 10.25041    9.28    10.131  29759.76    291543.08   9.8
2011-08-14 00:00:00 10.131  11.24   9.62    10.7957 44125.5 468353.91   10.61
2011-08-15 00:00:00 10.7957 11.89   10.72151    11.14979    38155.54    431203.74   11.3
2011-08-16 00:00:00 11.14979    11.32   10.8109 10.96409    15325.44    169357.89   11.05
2011-08-17 00:00:00 10.96409    11.1    10.661  10.94555    22898.69    249104.68   10.88
2011-08-18 00:00:00 10.94555    11.04999    10.81   10.83001    8210.38 89515.28    10.9
2011-08-19 00:00:00 10.83001    11.81   10.83001    11.65   33721.05    384289.87   11.4
2011-08-20 00:00:00 11.65   11.69001    11.4    11.453  9915    113880.29   11.49
2011-08-21 00:00:00 11.453  11.51   11.31   11.31125    8720.35 99220.98    11.38
2011-08-22 00:00:00 11.31125    11.501  10.51   10.895  36996.14    407895.13   11.03
2011-08-23 00:00:00 10.895  11.3    10.809  10.94001    12779.51    141019.11   11.03
2011-08-24 00:00:00 10.94001    11.083  10.8309 10.8506 7815.83 85516.17    10.94
2011-08-25 00:00:00 10.8506 10.891  9.1 9.65702 55485.39    555232.04   10.01
2011-08-26 00:00:00 9.65702 9.889   7.642   8.17939 83004.37    718309.63   8.65
2011-08-27 00:00:00 8.17939 9.11    8.12082 8.5902  21998.79    189777.37   8.63
2011-08-28 00:00:00 8.5902  9.4811  8.44758 9.07011 24155.28    216706.8    8.97
2011-08-29 00:00:00 9.07011 9.27027 8.65    8.969   21651.28    193411.57   8.93
2011-08-30 00:00:00 8.969   9   8.55    8.79134 11773.82    103338.65   8.78
2011-08-31 00:00:00 8.79134 8.79    8.01001 8.19951 19648.24    164091.75   8.35
2011-09-01 00:00:00 8.19951 8.35994 8.1 8.21    11903.53    97874.33    8.22
2011-09-02 00:00:00 8.21    8.7138  8.23    8.64    16814.55    141975.28   8.44
2011-09-03 00:00:00 8.64    8.69    8.36307 8.48    6944.99 59247.47    8.53
2011-09-04 00:00:00 8.48    8.49    7.85    8.17798 19673.49    160817.86   8.17
2011-09-05 00:00:00 8.17798 8.19142 7.25    7.61101 30798.75    234672.8    7.62
2011-09-06 00:00:00 7.61101 7.65713 6.122   6.8628  82496.05    555289.16   6.73
2011-09-07 00:00:00 6.8628  7.59916 6.53001 7.1864  49642.1 348836.44   7.03
2011-09-08 00:00:00 7.1864  7.19786 6.51235 6.53    31886.33    216888.79   6.8
2011-09-09 00:00:00 6.53    6.57686 4.18    5.03    217433.29   1154613.99  5.31
2011-09-10 00:00:00 5.03    5.49    4.63    4.7739  44484.53    223562.81   5.03
2011-09-11 00:00:00 4.7739  7.4 4.6 5.86435 143792.58   873010.64   6.07
2011-09-12 00:00:00 5.86435 6.58212 5.4121  6.078   63864.04    385739.55   6.04
2011-09-13 00:00:00 6.078   6.085   5.7 5.8 23759.28    138683.87   5.84
2011-09-14 00:00:00 5.8 5.84731 5.32488 5.61932 43768.26    243197.97   5.56
2011-09-15 00:00:00 5.61932 5.61932 4.44    4.84    86220.92    429502.83   4.98
2011-09-16 00:00:00 4.84    4.99    4.61    4.82    31651.09    152408.87   4.82
2011-09-17 00:00:00 4.82    4.93    4.7 4.77    20303.08    97582.47    4.81
2011-09-18 00:00:00 4.77    5.6 4.72134 5.2 44623.9 229468.54   5.14
2011-09-19 00:00:00 5.2 5.64399 4.9 5.46001 49836.79    263597.81   5.29
2011-09-20 00:00:00 5.46001 6.795   5.4511  6.11191 116750.98   713430.51   6.11
2011-09-21 00:00:00 6.11191 6.28664 5.06    5.6114  68164.47    383918.85   5.63
2011-09-22 00:00:00 5.6114  5.83001 5.29    5.42781 31651   175258.58   5.54
2011-09-23 00:00:00 5.42781 5.70653 5.4145  5.54514 55667.98    312415.09   5.61
2011-09-24 00:00:00 5.54514 5.641   5.3201  5.46829 17944.23    97847.53    5.45
2011-09-25 00:00:00 5.46829 5.49    5.32199 5.33    9487.26 51288.09    5.41
2011-09-26 00:00:00 5.33    5.4 4.721   4.86969 56072.39    277987.41   4.96
2011-09-27 00:00:00 4.86969 5.13018 4.781   4.9156  24645.37    121363.66   4.92
2011-09-28 00:00:00 4.9156  4.969   4.625   4.77247 30625.21    146110.79   4.77
2011-09-29 00:00:00 4.77247 4.8 4.6742  4.77935 14092.89    66817.43    4.74
2011-09-30 00:00:00 4.77935 5.35    4.743   5.14009 41459.07    208038.79   5.02
2011-10-01 00:00:00 5.14009 5.24919 4.86125 5.03241 23460.74    118531.63   5.05
2011-10-02 00:00:00 5.03241 5.1 4.91    5.02701 10457.31    52128.13    4.98
2011-10-03 00:00:00 5.02701 5.0399  4.88889 5.02401 17289.25    85880.89    4.97
2011-10-04 00:00:00 5.02401 5.025   4.9193  4.96    15793.44    78377.78    4.96
2011-10-05 00:00:00 4.96    5.025   4.8312  4.87    17586.46    86107.56    4.9
2011-10-06 00:00:00 4.87    4.9 4.4989  4.73443 54773.49    256723.57   4.69
2011-10-07 00:00:00 4.73443 4.7958  3.7819  4.2728  97547.35    418394.5    4.29
2011-10-08 00:00:00 4.2728  4.3399  3.825   4.00753 39611.94    159656.31   4.03
2011-10-09 00:00:00 4.00753 4.389   4.00757 4.10288 37920.06    158762.15   4.19
2011-10-10 00:00:00 4.10288 4.2 4.0104  4.1 16858.24    69188.53    4.1
2011-10-11 00:00:00 4.1 4.10001 3.84962 3.9308  41104.08    162268.54   3.95
2011-10-12 00:00:00 3.9308  4.45    3.901   4.15    69399.53    282490.41   4.07
2011-10-13 00:00:00 4.15    4.2 4.002   4.04615 19706.17    80377.3 4.08
2011-10-14 00:00:00 4.04615 4.11455 3.9481  3.98791 20054.55    80464.14    4.01
2011-10-15 00:00:00 3.98791 4.05    3.70888 3.84214 42092.42    163851.32   3.89
2011-10-16 00:00:00 3.84214 3.8975  3.4 3.55701 36200.88    131714.03   3.64
2011-10-17 00:00:00 3.55701 3.74    2.26    2.55998 207426.66   591902.27   2.85
2011-10-18 00:00:00 2.55998 2.9 2.31    2.41901 87859.09    229826.44   2.62
2011-10-19 00:00:00 2.41901 2.536   2.0401  2.27    101864.85   232324.75   2.28
2011-10-20 00:00:00 2.27    2.39082 2.22    2.34801 48859.48    113046.14   2.31
2011-10-21 00:00:00 2.34801 2.72002 2.32699 2.57    72971.11    185287.39   2.54
2011-10-22 00:00:00 2.57    3.3 2.5515  3.1588  120163.91   361119.44   3.01
2011-10-23 00:00:00 3.1588  3.2 2.95    3.17    37044.29    114141.14   3.08
2011-10-24 00:00:00 3.17    3.1948  2.481   2.545   92232.43    258830.28   2.81
2011-10-25 00:00:00 2.545   3.04    2.44034 2.77    101412.11   278159.07   2.74
2011-10-26 00:00:00 2.77    2.8485  2.6502  2.77302 29400.74    80877.1 2.75
2011-10-27 00:00:00 2.77302 3.09    2.7311  3.04001 58696.1 171312.37   2.92
2011-10-28 00:00:00 3.04001 3.255   2.90501 3.18999 52365.19    162799.02   3.11
2011-10-29 00:00:00 3.18999 3.82717 3.14    3.58113 79542.9 281957.99   3.54
2011-10-30 00:00:00 3.58113 3.65026 3.2 3.27    50686.73    171427.93   3.38
2011-10-31 00:00:00 3.27    3.31589 3.066   3.24801 30980.52    98715.6 3.19
2011-11-01 00:00:00 3.24801 3.35    3.07001 3.15    37893.47    120727.9    3.19
2011-11-02 00:00:00 3.15    3.44    3.141   3.25429 32311.05    104522.19   3.23
2011-11-03 00:00:00 3.25429 3.28    3.1 3.152   24520.65    78756.92    3.21
2011-11-04 00:00:00 3.152   3.21    3.01111 3.109   39513.13    123573.79   3.13
2011-11-05 00:00:00 3.109   3.14999 2.85    2.97002 52964.48    159571.85   3.01
2011-11-06 00:00:00 2.97002 2.9999  2.92    2.95959 17232.27    51037.09    2.96
2011-11-07 00:00:00 2.95959 3.03248 2.95    3.00677 23992.23    71961.1 3
2011-11-08 00:00:00 3.00677 3.21    3.00579 3.03501 60336.67    186440.21   3.09
2011-11-09 00:00:00 3.03501 3.11    2.88655 2.95001 52195.11    156655.47   3
2011-11-10 00:00:00 2.95001 2.969   2.80011 2.83993 33928.76    97395.49    2.87
2011-11-11 00:00:00 2.83993 3.10998 2.823   3.08001 44853.17    133312.05   2.97
2011-11-12 00:00:00 3.08001 3.11    3.01    3.03099 20383.26    62326.05    3.06
2011-11-13 00:00:00 3.03099 3.04998 2.951   2.99686 9625    28888.03    3
2011-11-14 00:00:00 2.99686 2.99573 2.09995 2.22    382186.83   957693.93   2.51
2011-11-15 00:00:00 2.22    2.49    2.11    2.32896 76420.88    175520.98   2.3
2011-11-16 00:00:00 2.32896 2.60031 2.301   2.56035 44208.85    108654.69   2.46
2011-11-17 00:00:00 2.56035 2.58852 1.994   2.25    117276.75   261039.94   2.23
2011-11-18 00:00:00 2.25    2.38998 2   2.04999 98135.59    210125.46   2.14
2011-11-19 00:00:00 2.04999 2.26    1.99998 2.19585 78301.16    169806.11   2.17
2011-11-20 00:00:00 2.19585 2.499   2.15    2.2 79731.04    182015.99   2.28
2011-11-21 00:00:00 2.2 2.31125 2.17    2.294   41727.08    93197.44    2.23
2011-11-22 00:00:00 2.294   2.35    2.25    2.3289  34208.37    78934.49    2.31
2011-11-23 00:00:00 2.3289  2.38    2.27    2.33209 39998.19    92955.46    2.32
2011-11-24 00:00:00 2.33209 2.56    2.30526 2.4321  87264.6 211558.58   2.42
2011-11-25 00:00:00 2.4321  2.52779 2.374   2.50612 44404.7 109592.19   2.47
2011-11-26 00:00:00 2.50612 2.53125 2.41041 2.47003 36118.53    89621.87    2.48
2011-11-27 00:00:00 2.47003 2.49    2.42331 2.47991 22727.06    55832.77    2.46
2011-11-28 00:00:00 2.47991 2.55    2.44    2.55    41261.74    103409.13   2.51
2011-11-29 00:00:00 2.55    2.981   2.54028 2.75019 180531.08   503908.53   2.79
2011-11-30 00:00:00 2.75019 3.09    2.73225 2.9701  120145.34   349861.49   2.91
2011-12-01 00:00:00 2.9701  3.14    2.92894 3.06    63864.09    195016.15   3.05
2011-12-02 00:00:00 3.06    3.138   3.03498 3.1151  57494.9 178018  3.1
2011-12-03 00:00:00 3.1151  3.125   2.75    2.794   123022.09   360981.81   2.93
2011-12-04 00:00:00 2.794   2.89998 2.61    2.82809 95222.47    261745.73   2.75
2011-12-05 00:00:00 2.82809 2.93    2.7807  2.8798  30884.98    88678.38    2.87
2011-12-06 00:00:00 2.8798  3.05    2.8701  3.03    55599.98    165517.79   2.98
2011-12-07 00:00:00 3.03    3.082   2.93241 2.99001 58122.19    174201.54   3
2011-12-08 00:00:00 2.99001 3.00634 2.88421 2.98    39933.69    117824.45   2.95
2011-12-09 00:00:00 2.98    3.039   2.93471 2.96999 34385.44    102810.85   2.99
2011-12-10 00:00:00 2.96999 3.1332  2.93471 3.05    74305.72    225642.57   3.04
2011-12-11 00:00:00 3.05    3.38    2.99    3.2511  108223.27   346453.23   3.2
2011-12-12 00:00:00 3.2511  3.2901  3.08414 3.135   39900   126940.32   3.18
2011-12-13 00:00:00 3.135   3.25    3.141   3.2499  32658.54    104930.82   3.21
2011-12-14 00:00:00 3.2499  3.24805 2.99401 3.15    72477.69    225975.05   3.12
2011-12-15 00:00:00 3.15    3.21445 3.11001 3.2 30094.23    95417.41    3.17
2011-12-16 00:00:00 3.2 3.22    3.15    3.2 29868.63    95114.72    3.18
2011-12-17 00:00:00 3.2 3.2299  3.15526 3.2001  16479.96    52586.17    3.19
2011-12-18 00:00:00 3.2001  3.2189  3.1751  3.193   10793.72    34542.59    3.2
2011-12-19 00:00:00 3.193   3.70036 3.18933 3.5202  139986.97   476965.51   3.41
2011-12-20 00:00:00 3.5202  4.5 3.483   3.95    186409.95   739231.72   3.97
2011-12-21 00:00:00 3.95    4.04    3.81    3.89    48793.69    191659.23   3.93
2011-12-22 00:00:00 3.89    3.99199 3.509   3.8901  57206.32    216558.95   3.79
2011-12-23 00:00:00 3.8901  3.95    3.815   3.94678 20496.54    80030.54    3.9
2011-12-24 00:00:00 3.94678 3.969   3.855   3.94    14933.59    58567.87    3.92
2011-12-25 00:00:00 3.94    4.3897  3.7807  4.225   80800.44    334511.38   4.14
2011-12-26 00:00:00 4.225   4.31259 3.81    4.018   88825.75    358539.93   4.04
2011-12-27 00:00:00 4.018   4.0998  3.962   4.06997 30159.46    121501.17   4.03
2011-12-28 00:00:00 4.06997 4.25    3.99    4.18552 33837.22    140029.63   4.14
2011-12-29 00:00:00 4.18552 4.33    4.116   4.166   53069.29    223710.01   4.22
2011-12-30 00:00:00 4.166   4.3 4.06334 4.248   41068.6 172118.96   4.19
2011-12-31 00:00:00 4.248   4.995   4.2 4.72202 129730.72   596240.41   4.6
2012-01-01 00:00:00 4.72202 5.4999  4.615   5.26766 108509.23   553045.14   5.1
2012-01-02 00:00:00 5.26766 5.47    4.8 5.21678 69150.93    360357.28   5.21
2012-01-03 00:00:00 5.21678 5.29    4.65    4.8808  125170.25   619170.54   4.95
2012-01-04 00:00:00 4.8808  5.7 4.751   5.57383 131170.86   688717.86   5.25
2012-01-05 00:00:00 5.57383 7.22    5.57401 6.9476  182328.19   1130623.29  6.2
2012-01-06 00:00:00 6.9476  7.21    6.1261  6.69693 218077.48   1481327.88  6.79
2012-01-07 00:00:00 6.69693 7.01556 6.38    6.81    48387.58    325053.98   6.72
2012-01-08 00:00:00 6.81    7.2 6.73357 7.11358 57193.53    403151.44   7.05
2012-01-09 00:00:00 7.11358 7.191   5.81    6.3257  148406.85   960592.31   6.47
2012-01-10 00:00:00 6.3257  6.89    6.001   6.36    110210.25   705056.48   6.4
2012-01-11 00:00:00 6.36    7.138   6.41266 6.9 99442.07    677642.84   6.81
2012-01-12 00:00:00 6.9 6.997   6.337   6.79999 140116.52   944165.94   6.74
2012-01-13 00:00:00 6.79999 6.804   6.4 6.41    60228.77    398312.18   6.61
2012-01-14 00:00:00 6.41    6.95039 6.2201  6.75001 141896.32   935192.51   6.59
2012-01-15 00:00:00 6.75001 7.08    6.74115 7.00177 62233.33    429700.86   6.9
2012-01-16 00:00:00 7.00177 7.18888 6.511   6.68254 122666.57   837413.61   6.83
2012-01-17 00:00:00 6.68254 6.95    4.64    5.59998 213409.8    1288538.97  6.04
2012-01-18 00:00:00 5.59998 6.95    5.09999 5.92    226680.97   1354753.44  5.98
2012-01-19 00:00:00 5.92    6.36077 5.87284 6.35979 114820.45   709705.27   6.18
2012-01-20 00:00:00 6.35979 6.58    6.258   6.48979 66786.48    429803.56   6.44
2012-01-21 00:00:00 6.48979 6.548   6.1 6.18    64761.69    407116.4    6.29
2012-01-22 00:00:00 6.18    6.45485 6.1 6.3097  44890.65    282233.76   6.29
2012-01-23 00:00:00 6.3097  6.389   6.212   6.356   17693.05    111630.55   6.31
2012-01-24 00:00:00 6.356   6.39397 6.219   6.28978 35663.08    224665.59   6.3
2012-01-25 00:00:00 6.28978 6.322   5.502   5.75    133115.25   782053.65   5.88
2012-01-26 00:00:00 5.75    5.92    5.3 5.34    123954.11   692624.73   5.59
2012-01-27 00:00:00 5.34    5.51    5.05    5.29199 115567.83   611581.18   5.29
2012-01-28 00:00:00 5.29199 5.76    5.26    5.62667 89708.02    499881.49   5.57
2012-01-29 00:00:00 5.62667 5.69999 5.32766 5.3809  46430.45    254457.17   5.48
2012-01-30 00:00:00 5.3809  5.6 5.36694 5.49048 42303.14    233179.7    5.51
2012-01-31 00:00:00 5.49048 5.65    5.426   5.48379 48296.66    267099.31   5.53
2012-02-01 00:00:00 5.48379 6.2 5.4678  6.07561 115523.96   672632.58   5.82
2012-02-02 00:00:00 6.07561 6.199   5.823   6.1 54546.27    328716.58   6.03
2012-02-03 00:00:00 6.1 6.1401  5.71872 5.9593  59279.85    350818.69   5.92
2012-02-04 00:00:00 5.9593  5.987   5.84    5.87343 20619.6 122071.46   5.92
2012-02-05 00:00:00 5.87343 5.8848  5.45    5.68881 120336.02   683010.86   5.68
2012-02-06 00:00:00 5.68881 5.72    5.45    5.45345 90258.84    500693.58   5.55
2012-02-07 00:00:00 5.45345 5.78    5.45    5.69    72748.36    408854.24   5.62
2012-02-08 00:00:00 5.69    5.8494  5.3 5.59998 237943.12   1342007.99  5.64
2012-02-09 00:00:00 5.59998 5.91502 5.5 5.83    89946.12    516915.55   5.75
2012-02-10 00:00:00 5.83    5.985   5.80119 5.9126  39304.91    230967.96   5.88
2012-02-11 00:00:00 5.9126  6   5.541   5.6005  69711.29    397688.29   5.7
2012-02-12 00:00:00 5.6005  5.85    5.43    5.51468 81917.16    459004.75   5.6
2012-02-13 00:00:00 5.51468 5.72    5.2 5.26    170210.59   909500.32   5.34
2012-02-14 00:00:00 5.26    5.45126 4.21211 4.46292 297572.02   1399443.95  4.7
2012-02-15 00:00:00 4.46292 4.88    4.2001  4.3251  161800.56   741639.35   4.58
2012-02-16 00:00:00 4.3251  4.444   3.878   4.2739  166594.52   697818.37   4.19
2012-02-17 00:00:00 4.2739  4.76998 4.2281  4.41    135949.41   606244.08   4.46
2012-02-18 00:00:00 4.41    4.49675 4.12    4.22201 70406.17    300903.53   4.27
2012-02-19 00:00:00 4.22201 4.52    4.181   4.38669 62365.41    271300.43   4.35
2012-02-20 00:00:00 4.38669 4.47    4.29017 4.36146 37299.13    162939.76   4.37
2012-02-21 00:00:00 4.36146 4.3975  4.212   4.272   51784.83    222970.81   4.31
2012-02-22 00:00:00 4.272   4.54    4.27102 4.42474 103836.79   460671.29   4.44
2012-02-23 00:00:00 4.42474 5.19778 4.42    5.015   164308.47   792557.08   4.82
2012-02-24 00:00:00 5.015   5.1 4.825   5.0288  89828.05    446896.98   4.98
2012-02-25 00:00:00 5.0288  5.07    4.65    4.77302 86163.6 420213.07   4.88
2012-02-26 00:00:00 4.77302 5.1 4.77303 4.922   70034.61    347092.76   4.96
2012-02-27 00:00:00 4.922   4.99    4.89    4.95598 29371.64    145288.76   4.95
2012-02-28 00:00:00 4.95598 5   4.735   4.86798 62691.08    305075.07   4.87
2012-02-29 00:00:00 4.86798 4.9 4.8 4.86001 26539.25    129089.93   4.86
2012-03-01 00:00:00 4.86001 4.98888 4.86    4.9213  44183.64    218150.92   4.94
2012-03-02 00:00:00 4.9213  4.95    4.51    4.70499 130764.74   613272.66   4.69
2012-03-03 00:00:00 4.70499 4.77995 4.51    4.61436 40075.06    187646.64   4.68
2012-03-04 00:00:00 4.61436 4.94999 4.612   4.82001 58826.16    283142.41   4.81
2012-03-05 00:00:00 4.82001 5.05    4.82001 4.98427 65828.18    325526.7    4.95
2012-03-06 00:00:00 4.98427 5.07    4.9 4.9901  44532.27    221579.34   4.98
2012-03-07 00:00:00 4.9901  5.05    4.84    4.93752 46167.56    227645.86   4.93
2012-03-08 00:00:00 4.93752 5   4.7551  4.93016 58089.4 283093.81   4.87
2012-03-09 00:00:00 4.93016 4.949   4.821   4.86112 32723.03    160227.85   4.9
2012-03-10 00:00:00 4.86112 4.91309 4.753   4.83315 28070.74    135426.18   4.82
2012-03-11 00:00:00 4.83315 4.99    4.8111  4.91    42442.93    208576.68   4.91
2012-03-12 00:00:00 4.91    4.95    4.8561  4.89005 22048.15    108198.98   4.91
2012-03-13 00:00:00 4.89005 5.41    4.86511 5.27    127325.05   656673.85   5.16
2012-03-14 00:00:00 5.27    5.45    5.25173 5.38    62889.72    337721.85   5.37
2012-03-15 00:00:00 5.38    5.445   5.25501 5.32656 41077.61    219063.81   5.33
2012-03-16 00:00:00 5.32656 5.4 5.3 5.34388 32718.79    174983.16   5.35
2012-03-17 00:00:00 5.34388 5.3998  5.21212 5.2159  39100.23    207915.56   5.32
2012-03-18 00:00:00 5.2159  5.34    5.211   5.27943 22857.01    120310.25   5.26
2012-03-19 00:00:00 5.27943 5.3099  4.5 4.6939  188889.07   922722.01   4.88
2012-03-20 00:00:00 4.6939  4.89999 4.58778 4.8379  66343.85    318065.31   4.79
2012-03-21 00:00:00 4.8379  4.87    4.75    4.81488 46436.88    223605.57   4.82
2012-03-22 00:00:00 4.81488 4.88    4.59768 4.7043  58069.92    276226.9    4.76
2012-03-23 00:00:00 4.7043  4.79    4.6 4.68596 54129.94    254329.72   4.7
2012-03-24 00:00:00 4.68596 4.72899 4.59595 4.676   39068.59    181738.16   4.65
2012-03-25 00:00:00 4.676   4.68294 4.3 4.55001 71556.26    322035.23   4.5
2012-03-26 00:00:00 4.55001 4.73793 4.51588 4.61911 69838.07    324896.28   4.65
2012-03-27 00:00:00 4.61911 4.84592 4.49    4.81125 73431.76    342922.08   4.67
2012-03-28 00:00:00 4.81125 4.8365  4.72102 4.788   38017.12    182050.5    4.79
2012-03-29 00:00:00 4.788   4.86092 4.71001 4.80838 37974.76    180963.57   4.77
2012-03-30 00:00:00 4.80838 4.88    4.71699 4.86    39071.84    187496.45   4.8
2012-03-31 00:00:00 4.86    4.95    4.82011 4.90873 35529.09    173670.93   4.89
2012-04-01 00:00:00 4.90873 4.92    4.73    4.827   35950.6 172377.67   4.79
2012-04-02 00:00:00 4.827   5.08    4.76    4.974   80663.98    398480.61   4.94
2012-04-03 00:00:00 4.974   4.99499 4.81    4.952   78481.21    384710.33   4.9
2012-04-04 00:00:00 4.952   4.97    4.89    4.91008 51040.82    251784.97   4.93
2012-04-05 00:00:00 4.91008 4.93495 4.87    4.919   33807.18    165880.2    4.91
2012-04-06 00:00:00 4.919   4.98    4.88001 4.94991 58211.45    287735.13   4.94
2012-04-07 00:00:00 4.94991 4.95002 4.68715 4.68715 80945.75    388783.68   4.8
2012-04-08 00:00:00 4.68715 4.8 4.62    4.79252 41972.77    197917.32   4.72
2012-04-09 00:00:00 4.79252 4.87899 4.73155 4.87191 39243.69    187709.3    4.78
2012-04-10 00:00:00 4.87191 4.9 4.76391 4.83668 53101.77    256671.37   4.83
2012-04-11 00:00:00 4.83668 4.98    4.79111 4.9279  67035.83    327827.09   4.89
2012-04-12 00:00:00 4.9279  4.946   4.84272 4.91968 46368.68    226872.24   4.89
2012-04-13 00:00:00 4.91968 4.94464 4.73001 4.93999 93111.86    452385.87   4.86
2012-04-14 00:00:00 4.93999 5.03    4.90001 4.9597  63887.71    317996.1    4.98
2012-04-15 00:00:00 4.9597  4.98    4.86    4.96892 33343.95    163921.54   4.92
2012-04-16 00:00:00 4.96892 4.979   4.90988 4.93201 31159.52    154236.34   4.95
2012-04-17 00:00:00 4.93201 5.02207 4.925   4.97587 30645.71    151983.96   4.96
2012-04-18 00:00:00 4.97587 5.1782  4.96    5.1178  79130.2 401659.4    5.08
2012-04-19 00:00:00 5.1178  5.19    5.1 5.13766 46675.15    240310.56   5.15
2012-04-20 00:00:00 5.13766 5.48    5.10103 5.35    104068.95   544263.48   5.23
2012-04-21 00:00:00 5.35    5.479   5.11    5.26008 60922.26    321118.73   5.27
2012-04-22 00:00:00 5.26008 5.32498 5.101   5.20352 37109.4 192195.87   5.18
2012-04-23 00:00:00 5.20352 5.21799 4.95999 4.95999 49367.94    252978.56   5.12
2012-04-24 00:00:00 4.95999 5.2 4.952   5.09822 70989.7 360126.6    5.07
2012-04-25 00:00:00 5.09822 5.18    5.03575 5.13182 35642.73    182736.86   5.13
2012-04-26 00:00:00 5.13182 5.1749  4.99    5.09762 57360.76    291333.8    5.08
2012-04-27 00:00:00 5.09762 5.124   5.0321  5.10947 25868.39    131461.84   5.08
2012-04-28 00:00:00 5.10947 5.10947 4.84634 4.9794  91591.47    453939.59   4.96
2012-04-29 00:00:00 4.9794  5.0184  4.88    4.90441 22226.6 109717.97   4.94
2012-04-30 00:00:00 4.90441 5   4.87003 4.9491  55767.57    275744.99   4.94
2012-05-01 00:00:00 4.9491  4.9695  4.91602 4.91891 4338.2  21456.52    4.95
